[gd_scene load_steps=13 format=3 uid="uid://dndvwhv50oi3x"]

[ext_resource type="Texture2D" uid="uid://ce8xl3r60p48v" path="res://assets/texture/grass/albedo.png" id="1_urpwb"]

[sub_resource type="PrismMesh" id="PrismMesh_bbpg5"]
left_to_right = 0.0
size = Vector3(20, 5, 20)

[sub_resource type="CompressedTexture2D" id="CompressedTexture2D_8f23e"]
load_path = "res://.godot/imported/albedo.png-65419aa27d4a071678348ba99d0bc58e.s3tc.ctex"

[sub_resource type="StandardMaterial3D" id="StandardMaterial3D_7xgwu"]
albedo_texture = SubResource("CompressedTexture2D_8f23e")
uv1_scale = Vector3(0.1, 0.1, 0.1)
uv1_triplanar = true
uv1_triplanar_sharpness = 0.450626

[sub_resource type="BoxShape3D" id="BoxShape3D_l6bu0"]
size = Vector3(20, 0.2, 20.801)

[sub_resource type="BoxShape3D" id="BoxShape3D_fq534"]
size = Vector3(20, 1, 16)

[sub_resource type="PlaneMesh" id="PlaneMesh_bwawp"]
size = Vector2(20, 20.7)

[sub_resource type="StandardMaterial3D" id="StandardMaterial3D_julvq"]
albedo_color = Color(0.1, 0.5, 0.1, 1)
albedo_texture = ExtResource("1_urpwb")
uv1_scale = Vector3(0.5, 0.5, 0.5)
uv1_triplanar = true

[sub_resource type="BoxMesh" id="BoxMesh_pay16"]
size = Vector3(0.2, 0, 20.7)

[sub_resource type="StandardMaterial3D" id="StandardMaterial3D_8byjr"]

[sub_resource type="PlaneMesh" id="PlaneMesh_lp508"]
size = Vector2(18, 20.7)

[sub_resource type="StandardMaterial3D" id="StandardMaterial3D_70us7"]
albedo_color = Color(0.2, 0.2, 0.2, 1)

[node name="Rampe" type="Node3D"]

[node name="EarthBase" type="StaticBody3D" parent="."]
transform = Transform3D(1, 0, 0, 0, 1, 0, 0, 0, 1, 0, -0.5, 0)

[node name="MeshInstance3D" type="MeshInstance3D" parent="EarthBase"]
transform = Transform3D(-4.37114e-08, 0, 1, 0, 1, 0, -1, 0, -4.37114e-08, 0, 0, 0)
mesh = SubResource("PrismMesh_bbpg5")
surface_material_override/0 = SubResource("StandardMaterial3D_7xgwu")

[node name="CollisionShape3D" type="CollisionShape3D" parent="EarthBase"]
transform = Transform3D(1, 0, 0, 0, 0.970528, 0.24099, 0, -0.24099, 0.970528, 0, -0.1, 0)
shape = SubResource("BoxShape3D_l6bu0")

[node name="CollisionShape3D2" type="CollisionShape3D" parent="EarthBase"]
transform = Transform3D(1, 0, 0, 0, 1, 0, 0, 0, 1, 0, -2, 2)
shape = SubResource("BoxShape3D_fq534")

[node name="Grass" type="MeshInstance3D" parent="."]
transform = Transform3D(1, 0, 0, 0, 0.970528, 0.24099, 0, -0.24099, 0.970528, 0, -0.48, 0)
mesh = SubResource("PlaneMesh_bwawp")
surface_material_override/0 = SubResource("StandardMaterial3D_julvq")

[node name="LeftLine" type="MeshInstance3D" parent="."]
transform = Transform3D(1, 0, 0, 0, 0.970528, 0.24099, 0, -0.24099, 0.970528, -8.8, -0.478, 0)
mesh = SubResource("BoxMesh_pay16")
skeleton = NodePath("")
surface_material_override/0 = SubResource("StandardMaterial3D_8byjr")

[node name="RightLine" type="MeshInstance3D" parent="."]
transform = Transform3D(1, 0, 0, 0, 0.970528, 0.24099, 0, -0.24099, 0.970528, 8.8, -0.478, 0)
mesh = SubResource("BoxMesh_pay16")
skeleton = NodePath("")
surface_material_override/0 = SubResource("StandardMaterial3D_8byjr")

[node name="RoadGround" type="MeshInstance3D" parent="."]
transform = Transform3D(1, 0, 0, 0, 0.970528, 0.24099, 0, -0.24099, 0.970528, 0, -0.479, 0)
mesh = SubResource("PlaneMesh_lp508")
skeleton = NodePath("")
surface_material_override/0 = SubResource("StandardMaterial3D_70us7")
